id,vote,name,party
person,vote,name,party
400004,Aye,"Rep. Robert Aderholt [R, 1997-2024]",Republican
400029,Aye,"Rep. Rob Bishop [R, 2003-2020]",Republican
400030,Aye,"Rep. Sanford Bishop [D, 1993-2024]",Democrat
400033,Aye,"Rep. Earl Blumenauer [D, 1996-2024]",Democrat
400046,No,"Rep. Kevin Brady [R, 1997-2022]",Republican
400052,No,"Rep. Michael Burgess [R, 2003-2024]",Republican
400057,Aye,"Rep. Ken Calvert [R, 2013-2022]",Republican
400068,No,"Rep. John R. Carter [R, 2003-2024]",Republican
400069,Aye,"Rep. Ed Case [D, 2019-2024]",Democrat
400071,No,"Rep. Steve Chabot [R, 2011-2022]",Republican
400074,Aye,"Rep. Lacy Clay [D, 2001-2020]",Democrat
400075,Aye,"Rep. James “Jim” Clyburn [D, 1993-2024]",Democrat
400077,Aye,"Rep. Tom Cole [R, 2003-2024]",Republican
400081,Aye,"Rep. Jim Cooper [D, 2003-2022]",Democrat
400090,Aye,"Rep. Elijah Cummings [D, 1996-2019]",Democrat
400093,Aye,"Rep. Danny Davis [D, 1997-2024]",Democrat
400097,Aye,"Rep. Susan Davis [D, 2003-2020]",Democrat
400100,Aye,"Rep. Peter DeFazio [D, 1987-2022]",Democrat
400101,Aye,"Rep. Diana DeGette [D, 1997-2024]",Democrat
400103,Aye,"Rep. Rosa DeLauro [D, 1991-2024]",Democrat
400108,Aye,"Rep. Mario Diaz-Balart [R, 2013-2022]",Republican
400111,Aye,"Rep. Lloyd Doggett [D, 2013-2022]",Democrat
400114,Aye,"Rep. Michael Doyle [D, 2019-2022]",Democrat
400122,Aye,"Rep. Eliot Engel [D, 2013-2020]",Democrat
400124,Aye,"Rep. Anna Eshoo [D, 2013-2022]",Democrat
400157,Aye,"Rep. Kay Granger [R, 1997-2024]",Republican
400158,No,"Rep. Sam Graves [R, 2001-2024]",Republican
400162,Aye,"Rep. Raúl Grijalva [D, 2013-2022]",Democrat
400170,Not Voting,"Rep. Alcee Hastings [D, 2013-2021]",Democrat
400189,Aye,"Rep. Steny Hoyer [D, 1981-2024]",Democrat
400199,Aye,"Rep. Sheila Jackson Lee [D, 1995-2024]",Democrat
400204,Aye,"Rep. Eddie Bernice Johnson [D, 1993-2022]",Democrat
400211,Aye,"Rep. Marcy Kaptur [D, 1983-2024]",Democrat
400218,Aye,"Rep. Ron Kind [D, 1997-2022]",Democrat
400219,Aye,"Rep. Peter “Pete” King [R, 2013-2020]",Republican
400220,No,"Rep. Steve King [R, 2013-2020]",Republican
400230,Aye,"Rep. James “Jim” Langevin [D, 2001-2022]",Democrat
400232,Aye,"Rep. Rick Larsen [D, 2001-2024]",Democrat
400233,Aye,"Rep. John Larson [D, 1999-2024]",Democrat
400237,Aye,"Rep. Barbara Lee [D, 2013-2022]",Democrat
400240,Aye,"Rep. John R. Lewis [D, 1987-2020]",Democrat
400245,Aye,"Rep. Zoe Lofgren [D, 2013-2022]",Democrat
400246,Aye,"Rep. Nita Lowey [D, 2013-2020]",Democrat
400247,Aye,"Rep. Frank Lucas [R, 2003-2024]",Republican
400249,Aye,"Rep. Stephen Lynch [D, 2013-2024]",Democrat
400251,Aye,"Rep. Carolyn Maloney [D, 2013-2022]",Democrat
400259,Aye,"Rep. Betty McCollum [D, 2001-2024]",Democrat
400263,Aye,"Rep. James “Jim” McGovern [D, 2013-2024]",Democrat
400271,Aye,"Rep. Gregory Meeks [D, 2013-2024]",Democrat
400289,Aye,"Rep. Jerrold Nadler [D, 2013-2022]",Democrat
400290,Aye,"Rep. Grace Napolitano [D, 2013-2022]",Democrat
400291,Aye,"Rep. Richard Neal [D, 2013-2024]",Democrat
400295,Aye,"Rep. Eleanor Holmes Norton [D, 1991-2024]",Democrat
400297,Aye,"Rep. Devin Nunes [R, 2013-2021]",Republican
400308,Aye,"Rep. Frank Pallone [D, 1993-2024]",Democrat
400309,Aye,"Rep. Bill Pascrell [D, 2013-2024]",Democrat
400316,Aye,"Rep. Collin Peterson [D, 1991-2020]",Democrat
400326,Aye,"Rep. David Price [D, 1997-2022]",Democrat
400340,Aye,"Rep. Harold “Hal” Rogers [R, 1981-2024]",Republican
400341,Aye,"Rep. Mike Rogers [R, 2003-2024]",Republican
400347,Aye,"Rep. Lucille Roybal-Allard [D, 2013-2022]",Democrat
400349,Aye,"Rep. A. Dutch Ruppersberger [D, 2003-2024]",Democrat
400350,Aye,"Rep. Bobby Rush [D, 1993-2022]",Democrat
400352,Aye,"Rep. Tim Ryan [D, 2013-2022]",Democrat
400355,Aye,"Rep. Linda Sánchez [D, 2013-2024]",Democrat
400360,Aye,"Rep. Janice “Jan” Schakowsky [D, 1999-2024]",Democrat
400361,Aye,"Rep. Adam Schiff [D, 2013-2022]",Democrat
400363,Aye,"Rep. David Scott [D, 2003-2024]",Democrat
400364,Aye,"Rep. Robert “Bobby” Scott [D, 1993-2024]",Democrat
400365,Not Voting,"Rep. James Sensenbrenner [R, 2003-2020]",Republican
400366,Aye,"Rep. José Serrano [D, 2013-2020]",Democrat
400371,Aye,"Rep. Brad Sherman [D, 2013-2022]",Democrat
400373,Aye,"Rep. John Shimkus [R, 2013-2020]",Republican
400376,Aye,"Rep. Michael “Mike” Simpson [R, 1999-2024]",Republican
400379,Aye,"Rep. Adam Smith [D, 1997-2024]",Democrat
400380,No,"Rep. Christopher “Chris” Smith [R, 1981-2024]",Republican
400402,Aye,"Rep. Bennie Thompson [D, 1993-2024]",Democrat
400403,Aye,"Rep. Mike Thompson [D, 2013-2022]",Democrat
400404,Aye,"Rep. Mac Thornberry [R, 1995-2020]",Republican
400411,Aye,"Rep. Michael Turner [R, 2013-2024]",Republican
400414,Aye,"Rep. Fred Upton [R, 1993-2022]",Republican
400416,Aye,"Rep. Nydia Velázquez [D, 2013-2024]",Democrat
400417,Aye,"Rep. Peter Visclosky [D, 1985-2020]",Democrat
400419,Aye,"Rep. Greg Walden [R, 1999-2020]",Republican
400422,Aye,"Rep. Maxine Waters [D, 2013-2024]",Democrat
400433,Aye,"Rep. Joe Wilson [R, 2001-2024]",Republican
400440,No,"Rep. Don Young [R, 1973-2022]",Republican
400616,Aye,"Rep. George “G.K.” Butterfield [D, 2004-2022]",Democrat
400618,Aye,"Rep. Jim Costa [D, 2013-2022]",Democrat
400623,Aye,"Rep. Debbie Wasserman Schultz [D, 2013-2022]",Democrat
400630,Aye,"Rep. Daniel Lipinski [D, 2005-2020]",Democrat
400639,Aye,"Rep. Emanuel Cleaver [D, 2005-2024]",Democrat
400640,Aye,"Rep. Jeff Fortenberry [R, 2005-2022]",Republican
400641,Aye,"Rep. Brian Higgins [D, 2013-2024]",Democrat
400643,No,"Rep. Virginia Foxx [R, 2005-2024]",Republican
400644,Aye,"Rep. Patrick McHenry [R, 2005-2024]",Republican
400651,Aye,"Rep. Louie Gohmert [R, 2005-2022]",Republican
400653,Aye,"Rep. Al Green [D, 2005-2024]",Democrat
400654,No,"Rep. Michael McCaul [R, 2005-2024]",Republican
400655,No,"Rep. Michael Conaway [R, 2005-2020]",Republican
400656,No,"Rep. Kenny Marchant [R, 2005-2020]",Republican
400657,Aye,"Rep. Henry Cuellar [D, 2005-2024]",Democrat
400659,Aye,"Rep. Cathy Anne McMorris Rodgers [R, 2005-2024]",Republican
400661,Aye,"Rep. Gwen Moore [D, 2005-2024]",Democrat
400663,Aye,"Rep. Doris Matsui [D, 2013-2022]",Democrat
412186,Aye,"Rep. Albio Sires [D, 2013-2022]",Democrat
412189,Aye,"Rep. Jerry McNerney [D, 2013-2022]",Democrat
412190,Aye,"Rep. Kevin McCarthy [R, 2013-2022]",Republican
412191,No,"Rep. Doug Lamborn [R, 2007-2024]",Republican
412192,Aye,"Rep. Ed Perlmutter [D, 2007-2022]",Democrat
412193,Aye,"Rep. Joe Courtney [D, 2007-2024]",Democrat
412195,Aye,"Rep. Kathy Castor [D, 2013-2024]",Democrat
412196,Aye,"Rep. Vern Buchanan [R, 2013-2024]",Republican
412199,Aye,"Rep. Henry C. “Hank” Johnson [D, 2007-2024]",Democrat
412209,Aye,"Rep. David Loebsack [D, 2007-2020]",Democrat
412211,Aye,"Rep. John Yarmuth [D, 2007-2022]",Democrat
412212,Aye,"Rep. John Sarbanes [D, 2007-2024]",Democrat
412213,No,"Rep. Tim Walberg [R, 2011-2022]",Republican
412217,No,"Rep. Adrian Smith [R, 2007-2024]",Republican
412221,Aye,"Rep. Yvette Clarke [D, 2013-2024]",Democrat
412226,No,"Rep. Jim Jordan [R, 2007-2024]",Republican
412236,Aye,"Rep. Steve Cohen [D, 2007-2024]",Democrat
412239,Aye,"Rep. Peter Welch [D, 2007-2022]",Democrat
412250,Aye,"Rep. Gus Bilirakis [R, 2013-2024]",Republican
412255,No,"Rep. Robert Wittman [R, 2007-2024]",Republican
412256,No,"Rep. Robert Latta [R, 2007-2024]",Republican
412257,Aye,"Rep. Bill Foster [D, 2013-2024]",Democrat
412258,Aye,"Rep. André Carson [D, 2008-2024]",Democrat
412259,Aye,"Rep. Jackie Speier [D, 2013-2022]",Democrat
412261,No,"Rep. Steve Scalise [R, 2008-2024]",Republican
412272,Aye,"Rep. Gerald Connolly [D, 2009-2024]",Democrat
412278,Aye,"Rep. Brett Guthrie [R, 2009-2024]",Republican
412282,Aye,"Rep. James “Jim” Himes [D, 2009-2024]",Democrat
412283,No,"Rep. Duncan D. Hunter [R, 2013-2020]",Republican
412286,Aye,"Rep. Ann Kirkpatrick [D, 2019-2022]",Democrat
412292,Aye,"Rep. Blaine Luetkemeyer [R, 2013-2024]",Republican
412293,Aye,"Rep. Ben Ray Luján [D, 2009-2020]",Democrat
412295,Aye,"Rep. Tom McClintock [R, 2009-2022]",Republican
412302,No,"Rep. Pete Olson [R, 2009-2020]",Republican
412307,Aye,"Rep. Chellie Pingree [D, 2009-2024]",Democrat
412309,Aye,"Rep. Bill Posey [R, 2013-2024]",Republican
412310,Aye,"Rep. David “Phil” Roe [R, 2009-2020]",Republican
412312,Not Voting,"Rep. Gregorio Sablan [D, 2009-2024]",Democrat
412315,Aye,"Rep. Kurt Schrader [D, 2009-2022]",Democrat
412317,Aye,"Rep. Glenn Thompson [R, 2019-2024]",Republican
412318,Aye,"Rep. Dina Titus [D, 2013-2024]",Democrat
412319,Aye,"Rep. Paul Tonko [D, 2013-2024]",Democrat
412327,Aye,"Rep. Marcia Fudge [D, 2008-2021]",Democrat
412331,Aye,"Rep. Mike Quigley [D, 2009-2024]",Democrat
412379,Aye,"Rep. Judy Chu [D, 2013-2022]",Democrat
412382,Aye,"Rep. John Garamendi [D, 2013-2022]",Democrat
412385,Aye,"Rep. Theodore “Ted” Deutch [D, 2017-2022]",Democrat
412388,No,"Rep. Tom Graves [R, 2013-2020]",Republican
412393,Aye,"Rep. Tom Reed [R, 2013-2022]",Republican
412394,Aye,"Rep. Martha Roby [R, 2011-2020]",Republican
412395,No,"Rep. Mo Brooks [R, 2011-2022]",Republican
412396,Aye,"Rep. Terri Sewell [D, 2011-2024]",Democrat
412397,No,"Rep. Paul Gosar [R, 2013-2022]",Republican
412399,Aye,"Rep. David Schweikert [R, 2013-2022]",Republican
412400,Aye,"Rep. Eric “Rick” Crawford [R, 2011-2024]",Republican
412402,Aye,"Rep. Steve Womack [R, 2011-2024]",Republican
412404,Aye,"Rep. Karen Bass [D, 2013-2022]",Democrat
412405,No,"Rep. Scott Tipton [R, 2011-2020]",Republican
412410,Aye,"Rep. Daniel Webster [R, 2017-2024]",Republican
412412,Aye,"Rep. Frederica Wilson [D, 2013-2024]",Democrat
412416,No,"Rep. Rob Woodall [R, 2011-2020]",Republican
412417,No,"Rep. Austin Scott [R, 2011-2024]",Republican
412421,Aye,"Rep. Adam Kinzinger [R, 2013-2022]",Republican
412427,Aye,"Rep. Larry Bucshon [R, 2011-2024]",Republican
412432,Aye,"Rep. Cedric Richmond [D, 2011-2021]",Democrat
412434,No,"Rep. Andy Harris [R, 2011-2024]",Republican
412435,Aye,"Rep. William R. Keating [D, 2013-2024]",Democrat
412437,Aye,"Rep. Bill Huizenga [R, 2011-2022]",Republican
412438,No,"Rep. Justin Amash [L, 2011-2020]",Republican
412443,No,"Rep. Steven Palazzo [R, 2011-2022]",Republican
412444,Aye,"Rep. Vicky Hartzler [R, 2011-2022]",Republican
412445,No,"Rep. Billy Long [R, 2011-2022]",Republican
412460,Aye,"Rep. Bill Johnson [R, 2011-2024]",Republican
412461,Aye,"Rep. Steve Stivers [R, 2011-2021]",Republican
412463,Aye,"Rep. Bob Gibbs [R, 2013-2022]",Republican
412465,Aye,"Rep. Mike Kelly [R, 2019-2024]",Republican
412470,Aye,"Rep. David Cicilline [D, 2011-2023]",Democrat
412472,No,"Rep. Jeff Duncan [R, 2011-2024]",Republican
412476,Aye,"Rep. Charles “Chuck” Fleischmann [R, 2011-2024]",Republican
412477,Aye,"Rep. Scott DesJarlais [R, 2011-2024]",Republican
412480,No,"Rep. Bill Flores [R, 2011-2020]",Republican
412485,Aye,"Rep. Morgan Griffith [R, 2011-2024]",Republican
412486,Not Voting,"Rep. Jaime Herrera Beutler [R, 2011-2022]",Republican
412487,No,"Rep. David McKinley [R, 2011-2022]",Republican
412488,Aye,"Rep. Sean Duffy [R, 2011-2019]",Republican
412500,Aye,"Rep. Mark Amodei [R, 2011-2024]",Republican
412501,Aye,"Rep. Suzanne Bonamici [D, 2012-2024]",Democrat
412503,No,"Rep. Thomas Massie [R, 2012-2024]",Republican
412505,Aye,"Rep. Suzan DelBene [D, 2012-2024]",Democrat
412506,Aye,"Rep. Donald Payne Jr. [D, 2012-2024]",Democrat
412510,No,"Rep. Doug LaMalfa [R, 2013-2024]",Republican
412511,Aye,"Rep. Jared Huffman [D, 2013-2024]",Democrat
412512,Aye,"Rep. Ami Bera [D, 2013-2022]",Democrat
412513,Aye,"Rep. Paul Cook [R, 2013-2020]",Republican
412514,Not Voting,"Rep. Eric Swalwell [D, 2013-2022]",Democrat
412516,Aye,"Rep. Julia Brownley [D, 2013-2024]",Democrat
412517,Aye,"Rep. Tony Cárdenas [D, 2013-2024]",Democrat
412519,Aye,"Rep. Raul Ruiz [D, 2013-2022]",Democrat
412520,Aye,"Rep. Mark Takano [D, 2013-2022]",Democrat
412521,Aye,"Rep. Alan Lowenthal [D, 2013-2022]",Democrat
412522,Aye,"Rep. Juan Vargas [D, 2013-2022]",Democrat
412523,Aye,"Rep. Scott Peters [D, 2013-2022]",Democrat
412525,No,"Rep. Ted Yoho [R, 2013-2020]",Republican
412529,Aye,"Rep. Lois Frankel [D, 2017-2022]",Democrat
412531,No,"Rep. Doug Collins [R, 2013-2020]",Republican
412532,Aye,"Rep. Tulsi Gabbard [D, 2013-2020]",Democrat
412534,Aye,"Rep. Bradley “Brad” Schneider [D, 2017-2024]",Democrat
412536,Aye,"Rep. Rodney Davis [R, 2013-2022]",Republican
412537,Aye,"Rep. Cheri Bustos [D, 2013-2022]",Democrat
412538,Aye,"Rep. Jackie Walorski [R, 2013-2022]",Republican
412539,Aye,"Rep. Susan Brooks [R, 2013-2020]",Republican
412541,Aye,"Rep. Garland “Andy” Barr [R, 2013-2024]",Republican
412543,Aye,"Rep. Joseph P. Kennedy [D, 2013-2020]",Democrat
412546,Aye,"Rep. Daniel Kildee [D, 2013-2022]",Democrat
412548,Aye,"Rep. Ann Wagner [R, 2013-2024]",Republican
412550,Aye,"Rep. Richard Hudson [R, 2013-2022]",Republican
412552,No,"Rep. Mark Meadows [R, 2013-2020]",Republican
412553,No,"Rep. George Holding [R, 2017-2020]",Republican
412557,Aye,"Rep. Ann Kuster [D, 2013-2024]",Democrat
412559,Aye,"Rep. Steven Horsford [D, 2019-2024]",Democrat
412560,Aye,"Rep. Grace Meng [D, 2013-2024]",Democrat
412561,Aye,"Rep. Hakeem Jeffries [D, 2013-2024]",Democrat
412562,Aye,"Rep. Sean Maloney [D, 2013-2022]",Democrat
412563,Aye,"Rep. Chris Collins [R, 2013-2019]",Republican
412564,No,"Rep. Brad Wenstrup [R, 2013-2024]",Republican
412565,Aye,"Rep. Joyce Beatty [D, 2013-2024]",Democrat
412566,Aye,"Rep. David Joyce [R, 2013-2024]",Republican
412568,No,"Rep. Markwayne Mullin [R, 2013-2022]",Republican
412569,No,"Rep. Scott Perry [R, 2019-2024]",Republican
412571,Aye,"Rep. Matthew “Matt” Cartwright [D, 2019-2024]",Democrat
412572,No,"Rep. Tom Rice [R, 2013-2022]",Republican
412574,No,"Rep. Randy Weber [R, 2013-2024]",Republican
412576,Aye,"Rep. Joaquin Castro [D, 2013-2024]",Democrat
412578,No,"Rep. Roger Williams [R, 2013-2024]",Republican
412579,Aye,"Rep. Marc Veasey [D, 2013-2024]",Democrat
412580,Aye,"Rep. Filemon Vela [D, 2013-2022]",Democrat
412581,No,"Rep. Chris Stewart [R, 2013-2023]",Republican
412583,Aye,"Rep. Derek Kilmer [D, 2013-2024]",Democrat
412584,Aye,"Rep. Denny Heck [D, 2013-2020]",Democrat
412585,Aye,"Rep. Mark Pocan [D, 2013-2024]",Democrat
412595,Aye,"Rep. Robin Kelly [D, 2013-2024]",Democrat
412596,No,"Rep. Jason Smith [R, 2013-2024]",Republican
412600,Aye,"Rep. Katherine Clark [D, 2013-2024]",Democrat
412601,No,"Rep. Bradley Byrne [R, 2014-2020]",Republican
412606,Aye,"Rep. Donald Norcross [D, 2014-2024]",Democrat
412607,Aye,"Rep. Alma Adams [D, 2014-2024]",Democrat
412608,No,"Rep. Gary Palmer [R, 2015-2024]",Republican
412609,Aye,"Rep. French Hill [R, 2015-2024]",Republican
412610,No,"Rep. Bruce Westerman [R, 2015-2024]",Republican
412612,Aye,"Rep. Ruben Gallego [D, 2015-2022]",Democrat
412613,Aye,"Rep. Mark DeSaulnier [D, 2015-2022]",Democrat
412615,Aye,"Rep. Pete Aguilar [D, 2015-2022]",Democrat
412616,Aye,"Rep. Ted Lieu [D, 2015-2022]",Democrat
412617,Aye,"Rep. Norma Torres [D, 2015-2024]",Democrat
412619,Not Voting,"Rep. Ken Buck [R, 2015-2024]",Republican
412622,No,"Rep. Earl “Buddy” Carter [R, 2015-2024]",Republican
412623,No,"Rep. Jody Hice [R, 2015-2022]",Republican
412624,No,"Rep. Barry Loudermilk [R, 2015-2024]",Republican
412625,No,"Rep. Rick Allen [R, 2015-2024]",Republican
412629,Not Voting,"Rep. Mike Bost [R, 2015-2024]",Republican
412630,No,"Rep. Ralph Abraham [R, 2015-2020]",Republican
412631,No,"Rep. Garret Graves [R, 2015-2024]",Republican
412632,Aye,"Rep. Seth Moulton [D, 2015-2024]",Democrat
412634,Aye,"Rep. John Moolenaar [R, 2015-2022]",Republican
412637,Aye,"Rep. Debbie Dingell [D, 2015-2022]",Democrat
412638,Aye,"Rep. Brenda Lawrence [D, 2015-2022]",Democrat
412639,No,"Rep. Tom Emmer [R, 2015-2024]",Republican
412641,No,"Rep. David Rouzer [R, 2015-2024]",Republican
412644,Aye,"Rep. Bonnie Watson Coleman [D, 2015-2024]",Democrat
412646,Aye,"Rep. Lee Zeldin [R, 2015-2022]",Republican
412647,Aye,"Rep. Kathleen Rice [D, 2015-2022]",Democrat
412648,Aye,"Rep. Elise Stefanik [R, 2015-2024]",Republican
412649,Aye,"Rep. John Katko [R, 2015-2022]",Republican
412652,Aye,"Rep. Brendan Boyle [D, 2019-2024]",Democrat
412653,Not Voting,"Rep. John Ratcliffe [R, 2015-2020]",Republican
412654,Aye,"Rep. Will Hurd [R, 2015-2020]",Republican
412655,No,"Rep. Brian Babin [R, 2015-2024]",Republican
412657,Aye,"Rep. Donald Beyer [D, 2015-2024]",Democrat
412659,Aye,"Rep. Stacey Plaskett [D, 2015-2024]",Democrat
412660,Aye,"Rep. Dan Newhouse [R, 2015-2024]",Republican
412661,No,"Rep. Glenn Grothman [R, 2015-2024]",Republican
412662,No,"Rep. Alexander Mooney [R, 2015-2024]",Republican
412664,Not Voting,"Rep. Aumua Amata Radewagen [R, 2015-2024]",Republican
412670,No,"Rep. Mark Walker [R, 2015-2020]",Republican
412673,No,"Rep. Trent Kelly [R, 2015-2024]",Republican
412674,Aye,"Rep. Darin LaHood [R, 2015-2022]",Republican
412675,Aye,"Rep. Warren Davidson [R, 2016-2024]",Republican
412676,No,"Rep. James Comer [R, 2016-2024]",Republican
412677,Aye,"Rep. Dwight Evans [D, 2019-2024]",Democrat
412682,Aye,"Rep. Tom O’Halleran [D, 2017-2022]",Democrat
412683,No,"Rep. Andy Biggs [R, 2017-2024]",Republican
412684,Aye,"Rep. Ro Khanna [D, 2017-2024]",Democrat
412685,Aye,"Rep. Jimmy Panetta [D, 2017-2022]",Democrat
412686,Aye,"Rep. Salud Carbajal [D, 2017-2024]",Democrat
412687,Aye,"Rep. Nanette Barragán [D, 2017-2024]",Democrat
412688,Aye,"Rep. Luis Correa [D, 2017-2024]",Democrat
412689,Aye,"Rep. Lisa Blunt Rochester [D, 2017-2024]",Democrat
412690,No,"Rep. Matt Gaetz [R, 2017-2024]",Republican
412691,No,"Rep. Neal Dunn [R, 2017-2024]",Republican
412692,Aye,"Rep. John Rutherford [R, 2017-2022]",Republican
412693,Aye,"Rep. Al Lawson [D, 2017-2022]",Democrat
412694,Aye,"Rep. Stephanie Murphy [D, 2017-2022]",Democrat
412695,Aye,"Rep. Darren Soto [D, 2017-2024]",Democrat
412696,Aye,"Rep. Val Demings [D, 2017-2022]",Democrat
412697,Aye,"Rep. Charlie Crist [D, 2017-2022]",Democrat
412698,Aye,"Rep. Brian Mast [R, 2017-2022]",Republican
412699,Aye,"Rep. Francis Rooney [R, 2017-2020]",Republican
412700,No,"Rep. Drew Ferguson [R, 2017-2024]",Republican
412701,Aye,"Rep. Raja Krishnamoorthi [D, 2017-2024]",Democrat
412702,No,"Rep. Jim Banks [R, 2017-2024]",Republican
412703,Aye,"Rep. Trey Hollingsworth [R, 2017-2022]",Republican
412704,No,"Rep. Roger Marshall [R, 2017-2020]",Republican
412705,No,"Rep. Clay Higgins [R, 2017-2024]",Republican
412706,Aye,"Rep. Mike Johnson [R, 2017-2024]",Republican
412707,Aye,"Rep. Anthony Brown [D, 2017-2022]",Democrat
412708,Aye,"Rep. Jamie Raskin [D, 2017-2024]",Democrat
412709,Aye,"Rep. Jack Bergman [R, 2017-2024]",Republican
412710,Aye,"Rep. Paul Mitchell [I, 2017-2020]",Republican
412712,No,"Rep. Ted Budd [R, 2017-2022]",Republican
412713,No,"Rep. Don Bacon [R, 2017-2024]",Republican
412714,Aye,"Rep. Josh Gottheimer [D, 2017-2024]",Democrat
412717,Aye,"Rep. Thomas Suozzi [D, 2017-2022]",Democrat
412718,Aye,"Rep. Adriano Espaillat [D, 2017-2024]",Democrat
412721,Aye,"Rep. Brian Fitzpatrick [R, 2019-2024]",Republican
412722,Aye,"Rep. Lloyd Smucker [R, 2019-2024]",Republican
412723,Not Voting,"Commish. Jenniffer González-Colón [R, 2017-2024]",Republican
412724,No,"Rep. David Kustoff [R, 2017-2024]",Republican
412725,Aye,"Rep. Vicente Gonzalez [D, 2017-2022]",Democrat
412726,No,"Rep. Jodey Arrington [R, 2017-2024]",Republican
412728,Aye,"Rep. Donald McEachin [D, 2017-2022]",Democrat
412730,Aye,"Rep. Pramila Jayapal [D, 2017-2024]",Democrat
412731,Aye,"Rep. Mike Gallagher [R, 2017-2024]",Republican
412732,No,"Rep. Liz Cheney [R, 2017-2022]",Republican
412735,Aye,"Rep. Ron Estes [R, 2017-2024]",Republican
412736,Not Voting,"Rep. Greg Gianforte [R, 2017-2020]",Republican
412738,No,"Rep. Ralph Norman [R, 2017-2024]",Republican
412739,Aye,"Rep. Jimmy Gomez [D, 2017-2024]",Democrat
412740,No,"Rep. John Curtis [R, 2017-2024]",Republican
412744,Aye,"Rep. Conor Lamb [D, 2019-2022]",Democrat
412745,Aye,"Rep. Debbie Lesko [R, 2018-2024]",Republican
412746,No,"Rep. Michael Cloud [R, 2018-2024]",Republican
412747,Aye,"Rep. Troy Balderson [R, 2018-2024]",Republican
412748,No,"Rep. Kevin Hern [R, 2018-2024]",Republican
412749,Aye,"Rep. Joseph Morelle [D, 2018-2024]",Democrat
412750,Aye,"Rep. Mary Gay Scanlon [D, 2019-2024]",Democrat
412751,Aye,"Rep. Susan Wild [D, 2019-2024]",Democrat
412753,Aye,"Rep. Greg Stanton [D, 2019-2022]",Democrat
412754,Aye,"Rep. Josh Harder [D, 2019-2022]",Democrat
412755,Aye,"Rep. TJ Cox [D, 2019-2020]",Democrat
412756,Aye,"Rep. Katie Hill [D, 2019-2019]",Democrat
412757,Aye,"Rep. Gilbert Cisneros [D, 2019-2020]",Democrat
412758,Aye,"Rep. Katie Porter [D, 2019-2022]",Democrat
412759,Aye,"Rep. Harley Rouda [D, 2019-2020]",Democrat
412760,Aye,"Rep. Mike Levin [D, 2019-2024]",Democrat
412761,Aye,"Rep. Joe Neguse [D, 2019-2024]",Democrat
412762,Aye,"Rep. Jason Crow [D, 2019-2024]",Democrat
412763,Aye,"Rep. Jahana Hayes [D, 2019-2024]",Democrat
412764,Aye,"Rep. Michael Waltz [R, 2019-2024]",Republican
412765,Aye,"Rep. Ross Spano [R, 2019-2020]",Republican
412766,No,"Rep. Gregory Steube [R, 2019-2024]",Republican
412767,Aye,"Rep. Debbie Mucarsel-Powell [D, 2019-2020]",Democrat
412768,Aye,"Rep. Donna Shalala [D, 2019-2020]",Democrat
412769,Aye,"Rep. Lucy McBath [D, 2019-2022]",Democrat
412770,Not Voting,"Rep. Michael San Nicolas [D, 2019-2022]",Democrat
412771,Aye,"Rep. Abby Finkenauer [D, 2019-2020]",Democrat
412772,Aye,"Rep. Cynthia Axne [D, 2019-2022]",Democrat
412773,No,"Rep. Russ Fulcher [R, 2019-2024]",Republican
412774,Aye,"Rep. Jesús “Chuy” García [D, 2019-2024]",Democrat
412775,Aye,"Rep. Sean Casten [D, 2019-2024]",Democrat
412776,Aye,"Rep. Lauren Underwood [D, 2019-2024]",Democrat
412777,Aye,"Rep. James Baird [R, 2019-2024]",Republican
412778,No,"Rep. Greg Pence [R, 2019-2024]",Republican
412779,No,"Rep. Steven Watkins [R, 2019-2020]",Republican
412780,Aye,"Rep. Sharice Davids [D, 2019-2024]",Democrat
412781,Aye,"Rep. Lori Trahan [D, 2019-2024]",Democrat
412782,Aye,"Rep. Ayanna Pressley [D, 2019-2024]",Democrat
412783,Aye,"Rep. David Trone [D, 2019-2024]",Democrat
412784,Aye,"Rep. Elissa Slotkin [D, 2019-2022]",Democrat
412785,Aye,"Rep. Andy Levin [D, 2019-2022]",Democrat
412786,Aye,"Rep. Haley Stevens [D, 2019-2024]",Democrat
412787,Aye,"Rep. Rashida Tlaib [D, 2019-2022]",Democrat
412788,Aye,"Rep. Jim Hagedorn [R, 2019-2022]",Republican
412789,Aye,"Rep. Angie Craig [D, 2019-2024]",Democrat
412790,Aye,"Rep. Dean Phillips [D, 2019-2024]",Democrat
412791,Aye,"Rep. Ilhan Omar [D, 2019-2024]",Democrat
412792,Aye,"Rep. Pete Stauber [R, 2019-2024]",Republican
412793,No,"Rep. Michael Guest [R, 2019-2024]",Republican
412794,No,"Rep. Kelly Armstrong [R, 2019-2024]",Republican
412795,Aye,"Rep. Chris Pappas [D, 2019-2024]",Democrat
412796,Aye,"Rep. Jefferson Van Drew [R, 2019-2024]",Democrat
412797,Aye,"Rep. Andy Kim [D, 2019-2024]",Democrat
412798,Aye,"Rep. Tom Malinowski [D, 2019-2022]",Democrat
412799,Aye,"Rep. Mikie Sherrill [D, 2019-2024]",Democrat
412800,Aye,"Rep. Debra Haaland [D, 2019-2021]",Democrat
412801,Aye,"Rep. Xochitl Torres Small [D, 2019-2020]",Democrat
412802,Aye,"Rep. Susie Lee [D, 2019-2024]",Democrat
412803,Aye,"Rep. Max Rose [D, 2019-2020]",Democrat
412804,Aye,"Rep. Alexandria Ocasio-Cortez [D, 2019-2024]",Democrat
412805,Aye,"Rep. Antonio Delgado [D, 2019-2022]",Democrat
412806,Aye,"Rep. Anthony Brindisi [D, 2019-2020]",Democrat
412807,Aye,"Rep. Anthony Gonzalez [R, 2019-2022]",Republican
412808,Aye,"Rep. Kendra Horn [D, 2019-2020]",Democrat
412809,Aye,"Rep. Madeleine Dean [D, 2019-2024]",Democrat
412810,Aye,"Rep. Chrissy Houlahan [D, 2019-2024]",Democrat
412811,No,"Rep. Daniel Meuser [R, 2019-2024]",Republican
412812,Aye,"Rep. John Joyce [R, 2019-2024]",Republican
412813,Aye,"Rep. Guy Reschenthaler [R, 2019-2024]",Republican
412814,Aye,"Rep. Joe Cunningham [D, 2019-2020]",Democrat
412815,No,"Rep. William Timmons [R, 2019-2024]",Republican
412816,Aye,"Rep. Dusty Johnson [R, 2019-2024]",Republican
412817,No,"Rep. Tim Burchett [R, 2019-2024]",Republican
412818,No,"Rep. John W. Rose [R, 2019-2024]",Republican
412819,Not Voting,"Rep. Mark E. Green [R, 2019-2024]",Republican
412820,No,"Rep. Dan Crenshaw [R, 2019-2024]",Republican
412821,Aye,"Rep. Van Taylor [R, 2019-2022]",Republican
412822,No,"Rep. Lance Gooden [R, 2019-2024]",Republican
412823,Not Voting,"Rep. Ron Wright [R, 2019-2021]",Republican
412824,Aye,"Rep. Lizzie Fletcher [D, 2019-2024]",Democrat
412825,Aye,"Rep. Veronica Escobar [D, 2019-2024]",Democrat
412826,No,"Rep. Chip Roy [R, 2019-2024]",Republican
412827,Aye,"Rep. Sylvia Garcia [D, 2019-2024]",Democrat
412828,Aye,"Rep. Colin Allred [D, 2019-2024]",Democrat
412829,Aye,"Rep. Ben McAdams [D, 2019-2020]",Democrat
412830,Aye,"Rep. Elaine Luria [D, 2019-2022]",Democrat
412831,No,"Rep. Denver Riggleman [R, 2019-2020]",Republican
412832,No,"Rep. Ben Cline [R, 2019-2024]",Republican
412833,Aye,"Rep. Abigail Spanberger [D, 2019-2024]",Democrat
412834,Aye,"Rep. Jennifer Wexton [D, 2019-2024]",Democrat
412835,Aye,"Rep. Kim Schrier [D, 2019-2024]",Democrat
412836,Aye,"Rep. Bryan Steil [R, 2019-2024]",Republican
412837,Aye,"Rep. Carol Miller [R, 2019-2022]",Republican
412842,Aye,"Rep. Jared Golden [D, 2019-2024]",Democrat
412843,No,"Rep. Fred Keller [R, 2019-2022]",Republican
